x <- c(2,3,4,)
y <- c(18,24,32)
